--- Sequencial ---
0.675547
2.689044
6.067990
10.794453
17.024250
24.318298
33.225492
43.204502
54.661875
67.487661
--- 2 Threads ---
0.384397
1.528915
3.435563
6.104675
9.535278
13.735965
18.698202
24.441053
30.809455
37.998588
--- 4 Threads ---
0.190353
0.758784
1.706698
3.035264
4.747057
6.837190
9.306877
12.147611
15.372099
18.997494
--- 8 Threads ---
0.101036
0.401410
0.901987
1.601984
2.502327
3.602055
4.903515
6.404990
8.105841
10.006551
--- 16 Threads ---
0.097965
0.371869
0.836980
1.487008
2.324863
3.349808
4.557696
5.956416
7.551857
9.325171
