--- Sequencial ---
2.200171
4.337702
7.162184
8.606602
11.256470
14.294203
14.901796
17.181436
19.758682
22.496107
--- 2 Threads ---
1.144574
2.247138
3.680816
4.435795
5.806876
7.346323
7.691728
8.866012
10.175341
11.588378
--- 4 Threads ---
1.136624
2.278181
3.663864
4.435622
5.763331
7.350694
7.614044
8.781855
10.095254
11.550708
--- 8 Threads ---
1.144681
2.258998
3.661540
4.433139
5.767580
7.299891
7.729984
8.936290
10.100847
11.470320
--- 16 Threads ---
1.144863
2.260281
3.719646
4.461040
5.786982
7.311378
7.628629
8.818819
10.179056
11.587056
