--- Sequencial ---
10.579761
3.696738
3.696738
1.042494
1.042494
1.042494
1.042494
0.966902
0.966902
0.966902
--- 2 Threads ---
10.579761
3.696738
3.696738
1.042494
1.042494
1.042494
1.042494
0.966902
0.966902
0.966902
--- 4 Threads ---
10.579761
3.696738
3.696738
1.042494
1.042494
1.042494
1.042494
0.966902
0.966902
0.966902
--- 8 Threads ---
10.579761
3.696738
3.696738
1.042494
1.042494
1.042494
1.042494
0.966902
0.966902
0.966902
--- 16 Threads ---
10.579761
3.696738
3.696738
1.042494
1.042494
1.042494
1.042494
0.966902
0.966902
0.966902
