--- Sequencial ---
10.579761
3.696738
3.696738
1.042494
1.042494
1.042494
1.042494
0.966902
0.966902
0.966902
--- 2 Nodos ---
10.579761
3.696738
3.696738
1.042494
1.042494
1.042494
1.042494
0.966902
0.966902
0.966902
--- 4 Nodos ---
10.579761
3.696738
3.696738
1.042494
1.042494
1.042494
1.042494
0.966902
0.966902
0.966902
--- 8 Nodos ---
10.579761
3.696738
3.696738
1.042494
1.042494
1.042494
1.042494
0.966902
0.966902
0.966902
--- 16 Nodos ---
10.579761
3.696738
3.696738
1.042494
1.042494
1.042494
1.042494
0.966902
0.966902
0.966902
