--- Sequencial ---
803.884866
730.382026
605.644682
605.644682
131.090729
131.090729
131.090729
131.090729
131.090729
131.090729
--- 2 Threads ---
803.884866
730.382026
605.644682
605.644682
131.090729
131.090729
131.090729
131.090729
131.090729
131.090729
--- 4 Threads ---
803.884866
730.382026
605.644682
605.644682
131.090729
131.090729
131.090729
131.090729
131.090729
131.090729
--- 8 Threads ---
803.884866
730.382026
605.644682
605.644682
131.090729
131.090729
131.090729
131.090729
131.090729
131.090729
--- 16 Threads ---
803.884866
730.382026
605.644682
605.644682
131.090729
131.090729
131.090729
131.090729
131.090729
131.090729
