--- Execução Sequencial em 1 Nodo ---
[grad07:21751] mca: base: component_find: unable to open /usr/local/openmpi/openmpi-1.4.5/lib/openmpi/mca_btl_openib: perhaps a missing symbol, or compiled for a different version of Open MPI? (ignored)
1000000 2.190066
2000000 4.302047
3000000 7.112286
4000000 8.533546
5000000 11.173071
6000000 14.193030
7000000 14.763786
8000000 17.040646
9000000 19.603691
10000000 22.312895
--- Execução com 7 Processos em 1 Nodo ---
0) 1000000 0.366652
0) 2000000 0.698386
0) 3000000 1.008089
0) 4000000 1.373085
0) 5000000 1.812474
0) 6000000 1.975126
0) 7000000 2.345747
0) 8000000 2.713236
0) 9000000 3.155022
0) 10000000 3.582297
--- Execução com 15 Processos em 1 Nodo ---
0) 1000000 0.420452
0) 2000000 0.522514
0) 3000000 0.879576
0) 4000000 1.002270
0) 5000000 1.319267
0) 6000000 1.689690
0) 7000000 1.712935
0) 8000000 1.981907
0) 9000000 2.278647
0) 10000000 2.607950
--- Execução com 31 Processos em 1 Nodo ---
0) 1000000 3.516646
0) 2000000 0.641073
0) 3000000 0.928993
0) 4000000 1.168687
0) 5000000 1.450675
0) 6000000 1.746320
0) 7000000 1.693501
0) 8000000 1.929926
0) 9000000 2.226573
0) 10000000 2.514305
--- Execução com 63 Processos em 1 Nodo ---
0) 1000000 7.859197
0) 2000000 0.550963
0) 3000000 0.880215
0) 4000000 1.064218
0) 5000000 1.375035
0) 6000000 1.709266
0) 7000000 1.839904
0) 8000000 1.994713
0) 9000000 2.308397
0) 10000000 2.758295
